9.976836015441195027e-01 9.142193146596750974e-01 1.000000000000000000e+00
3.829926613915124456e-01 4.160076829592447289e-01 1.000000000000000000e+00
6.317647566277440063e-02 3.131378252058806266e-01 1.000000000000000000e+00
1.070378307542848573e-01 6.307340590350407616e-01 0.000000000000000000e+00
6.131599791958015633e-01 7.071225124841182819e-01 1.000000000000000000e+00
1.516045178913607572e-01 9.849732593479261222e-01 0.000000000000000000e+00
1.135156240846488807e-01 6.896585851144659829e-01 0.000000000000000000e+00
2.592367019479059342e-01 1.264322659814985927e-01 1.000000000000000000e+00
3.391174541695471945e-01 3.873641308348615420e-01 1.000000000000000000e+00
3.807561404177303155e-01 5.707471350214510242e-02 1.000000000000000000e+00
8.903113492781626892e-01 8.499885499743676798e-01 1.000000000000000000e+00
6.711050576160397796e-01 5.240371965028092216e-01 1.000000000000000000e+00
8.925284583677488559e-01 5.191784518181562502e-01 1.000000000000000000e+00
5.557608798441893150e-01 4.686991161881948198e-02 0.000000000000000000e+00
8.197452582114734820e-01 3.551945735549122407e-02 0.000000000000000000e+00
8.781025483045369340e-01 7.112453168926702318e-02 0.000000000000000000e+00
5.988066370057520960e-01 6.999279937659930173e-01 1.000000000000000000e+00
5.924246971776570003e-01 2.215118396170884241e-01 0.000000000000000000e+00
1.975142550376495221e-01 9.541676314001557024e-02 1.000000000000000000e+00
1.883719645417758493e-02 7.655272464603267712e-01 0.000000000000000000e+00
8.306845182858136889e-01 2.315396817653903039e-01 0.000000000000000000e+00
6.359844670902723429e-01 5.329107269897427335e-01 1.000000000000000000e+00
6.392630122230026357e-01 5.393153625052498068e-01 1.000000000000000000e+00
4.006232549507109386e-01 9.822811037934348066e-01 0.000000000000000000e+00
2.388966150650410070e-01 3.029266854863682523e-01 1.000000000000000000e+00
9.416680174875569076e-02 5.129211068620976866e-01 0.000000000000000000e+00
8.392505320009278069e-01 6.308428276267766810e-01 1.000000000000000000e+00
3.496615506003374341e-01 2.966588332756924240e-01 1.000000000000000000e+00
6.645981208477522717e-01 8.689191171141957826e-01 1.000000000000000000e+00
3.938324670095252333e-01 1.815957553898476240e-01 1.000000000000000000e+00
6.445190575335685290e-01 8.067329188583145516e-01 1.000000000000000000e+00
6.976545384258211469e-01 7.945209006238079796e-01 1.000000000000000000e+00
2.614609044296811735e-01 1.156434162849736547e-01 1.000000000000000000e+00
4.257072385324884856e-01 6.093951802294583775e-01 0.000000000000000000e+00
7.072714482289761406e-01 8.274108777893218747e-02 0.000000000000000000e+00
2.728269121818849285e-01 4.027483321280813655e-01 1.000000000000000000e+00
6.792683342628753618e-01 3.130203613344345603e-01 0.000000000000000000e+00
1.221059330087582717e-01 4.418305232103513225e-01 1.000000000000000000e+00
1.564568786363242925e-01 3.962073616739769655e-01 1.000000000000000000e+00
7.735751650561860648e-01 4.419195968965923260e-01 0.000000000000000000e+00
5.744779011378253752e-01 9.914039161022977220e-01 1.000000000000000000e+00
8.335213428988557105e-01 9.608427769629180881e-01 1.000000000000000000e+00
2.422823987881409513e-01 6.557625446843556860e-01 0.000000000000000000e+00
4.300853420866032062e-01 9.780061946033055120e-01 0.000000000000000000e+00
5.231575124884404460e-01 4.203150658205923040e-02 0.000000000000000000e+00
5.395419864611100680e-01 6.268349764120962897e-01 1.000000000000000000e+00
4.176796650914724740e-01 4.305924182351631435e-01 1.000000000000000000e+00
6.532069378689805417e-01 6.021392515936412337e-01 1.000000000000000000e+00
1.094761777686981130e-02 3.177786629664369755e-01 1.000000000000000000e+00
7.314877584427758039e-01 4.661210049918973475e-01 0.000000000000000000e+00
5.274966384989219215e-01 1.182471062879394408e-01 0.000000000000000000e+00
9.609835033768350243e-01 3.716132265429187287e-01 0.000000000000000000e+00
5.405401538853304988e-01 8.420330605211546748e-01 1.000000000000000000e+00
7.031965890991220824e-01 9.099128158035847402e-01 1.000000000000000000e+00
9.833322729425548747e-01 5.596699421599856672e-01 1.000000000000000000e+00
9.031635977199748977e-01 3.727102352587123857e-01 0.000000000000000000e+00
4.505360279454819761e-01 1.802505837117618359e-02 1.000000000000000000e+00
2.320391925646083653e-01 7.679430890618066385e-02 1.000000000000000000e+00
6.557213455684262060e-01 2.368556149617814244e-01 0.000000000000000000e+00
9.860955700968075943e-01 6.879515280766489438e-01 1.000000000000000000e+00
9.555891822196560526e-01 8.128968704213958008e-01 1.000000000000000000e+00
4.592832617350232072e-01 6.531365159967391643e-01 0.000000000000000000e+00
6.594939994308056663e-01 6.350791185066737565e-01 1.000000000000000000e+00
6.934856647136833363e-01 1.070938865167574416e-01 0.000000000000000000e+00
4.321183247651678716e-01 2.466406046890778914e-02 1.000000000000000000e+00
2.489737027237289846e-01 8.147889939933401493e-01 0.000000000000000000e+00
1.936129891977785844e-01 2.727392587192321027e-01 1.000000000000000000e+00
4.442684166586966521e-01 6.639076551186628983e-01 0.000000000000000000e+00
9.976849654582888860e-01 2.495132319017568934e-01 0.000000000000000000e+00
2.917004142985291093e-01 2.076731777429898784e-01 1.000000000000000000e+00
4.625430609240649416e-01 1.154304957712193325e-02 1.000000000000000000e+00
5.972232667486899738e-01 8.472199270430935680e-02 0.000000000000000000e+00
1.012940170389395877e-01 4.614494472728160046e-01 1.000000000000000000e+00
5.318838278466916369e-01 3.458925853950819418e-01 0.000000000000000000e+00
3.160114150333207528e-01 8.829166315750491822e-01 0.000000000000000000e+00
1.796074139722477758e-01 3.924559484348317806e-01 1.000000000000000000e+00
6.438084128651171412e-01 1.828932141996381100e-01 0.000000000000000000e+00
4.830210638098947351e-01 5.367042847302255781e-01 0.000000000000000000e+00
3.652795218948590161e-02 8.912144048081986902e-01 0.000000000000000000e+00
5.853710675377568062e-01 3.674214302429338330e-01 0.000000000000000000e+00
7.160102246219907096e-01 7.461039560490597689e-01 1.000000000000000000e+00
7.751588158659387107e-01 4.381582670052912576e-01 0.000000000000000000e+00
2.561320566099405394e-01 5.120385259443764880e-01 0.000000000000000000e+00
8.458941951990850416e-02 2.517945946192348128e-01 1.000000000000000000e+00
3.437693497035879675e-01 8.009091228360349923e-01 0.000000000000000000e+00
5.362903188350407468e-01 1.351090563662693533e-02 0.000000000000000000e+00
5.083201367315989261e-01 1.418405066428035655e-01 0.000000000000000000e+00
6.893757895524493806e-01 5.169773234956589469e-01 1.000000000000000000e+00
1.641399000585590517e-01 9.241428501893440561e-01 0.000000000000000000e+00
2.004898946889226430e-01 6.775989570927339889e-01 0.000000000000000000e+00
6.484641822817744927e-01 2.311706357858867023e-01 0.000000000000000000e+00
8.867878138031528579e-01 8.675820281030007797e-01 1.000000000000000000e+00
3.917091436957944595e-01 5.156861253292694958e-01 0.000000000000000000e+00
4.660122690920309729e-01 9.523976904687584399e-01 0.000000000000000000e+00
8.697087968429214611e-01 4.680408313879150795e-01 0.000000000000000000e+00
9.742015650119747461e-01 3.021057599936411986e-01 0.000000000000000000e+00
5.032530914252592025e-01 7.145958619662262645e-01 1.000000000000000000e+00
4.810775456472841105e-01 6.805082507472007824e-01 0.000000000000000000e+00
1.760480283892312814e-01 4.113284151807031774e-01 1.000000000000000000e+00
4.166200920931458773e-01 5.281897508392633389e-01 0.000000000000000000e+00
7.576575460898971048e-01 2.704719879483696854e-02 0.000000000000000000e+00
1.672777017392886867e-01 1.270579206008819462e-01 1.000000000000000000e+00
1.903381682980128664e-01 2.012387265302816308e-01 1.000000000000000000e+00
7.589558971999188497e-01 8.004081221746964792e-01 1.000000000000000000e+00
5.626470674701737895e-01 3.145175877551894539e-01 0.000000000000000000e+00
6.064670401047402848e-01 8.303068292030014730e-01 1.000000000000000000e+00
6.066153258149434846e-01 1.930590972017206530e-01 0.000000000000000000e+00
7.662600200340939915e-01 6.308475235421314720e-01 1.000000000000000000e+00
5.656140714111765888e-01 9.494378451659043483e-01 1.000000000000000000e+00
3.668538352693703208e-01 9.329840586569455585e-01 0.000000000000000000e+00
5.981899899867039183e-01 7.399853812124127517e-01 1.000000000000000000e+00
2.306925232228922429e-01 8.343996906534433267e-01 0.000000000000000000e+00
5.510188866336264146e-01 9.782865570083276729e-02 0.000000000000000000e+00
7.717300331083042364e-01 4.176928315809707026e-01 0.000000000000000000e+00
2.572218522628096915e-01 1.856125844311647954e-01 1.000000000000000000e+00
6.078123430980597597e-02 6.291150893277285272e-01 0.000000000000000000e+00
7.366669237879049925e-01 1.553954842082427845e-03 0.000000000000000000e+00
1.578229835318059049e-01 1.685845991201644356e-01 1.000000000000000000e+00
5.283230571720154423e-02 3.380927403475518789e-01 1.000000000000000000e+00
8.479623944081157161e-01 6.143134773964333828e-01 1.000000000000000000e+00
7.688056892234481632e-01 1.305262791124857102e-01 0.000000000000000000e+00
8.905053620323646335e-01 2.645859093089866221e-01 0.000000000000000000e+00
9.384084234804771496e-01 2.497311838802707129e-02 0.000000000000000000e+00
7.286091867499369101e-01 7.711854427453307403e-01 1.000000000000000000e+00
2.243039835599448528e-01 8.937086455451355160e-01 0.000000000000000000e+00
9.461769077540539419e-01 6.052507587207108797e-01 1.000000000000000000e+00
7.793962435548449363e-01 6.517430953532843407e-02 0.000000000000000000e+00
2.405742474384173768e-01 4.850743359595028892e-01 1.000000000000000000e+00
5.423595012825414008e-01 8.691685190444924380e-01 1.000000000000000000e+00
1.241634559096509438e-01 9.935240469772714800e-01 0.000000000000000000e+00
7.821355115355824728e-01 9.415982242495390953e-02 0.000000000000000000e+00
1.620041414226360832e-01 3.171609349523006882e-01 1.000000000000000000e+00
9.406078040628756964e-01 7.256414459190382304e-01 1.000000000000000000e+00
2.874661700496994321e-03 2.830508780335131425e-01 1.000000000000000000e+00
4.770088450085829823e-02 3.011216048652060051e-01 1.000000000000000000e+00
6.374612487168122010e-01 4.782162567763813543e-01 0.000000000000000000e+00
5.888574667155414000e-01 3.263153732201459212e-01 0.000000000000000000e+00
5.202124282448807868e-01 7.169108465573811317e-01 1.000000000000000000e+00
3.487723177790796880e-01 2.410131711012680755e-01 1.000000000000000000e+00
8.581588024583169938e-01 2.611046944723627306e-01 0.000000000000000000e+00
3.905720695871633952e-01 1.344372167797619477e-01 1.000000000000000000e+00
8.993527330315366219e-01 3.100906047428837464e-01 0.000000000000000000e+00
6.178846052761400864e-01 7.322651556811322626e-01 1.000000000000000000e+00
3.271926413540215961e-01 7.881194443056634968e-01 0.000000000000000000e+00
7.603256334102578284e-01 7.072941206823820659e-01 1.000000000000000000e+00
5.703305715064247439e-01 4.044700350455340265e-01 0.000000000000000000e+00
2.228459708901026071e-01 6.142411821311235531e-01 0.000000000000000000e+00
3.120158662314441722e-01 6.744605266709073899e-01 0.000000000000000000e+00
3.326461992902348674e-01 9.234320442645926885e-02 1.000000000000000000e+00
3.932625879861633145e-01 1.209305626342659368e-01 1.000000000000000000e+00
3.659036335400400741e-02 1.299425929142250524e-01 1.000000000000000000e+00
5.495569849223547187e-01 6.772156531218661568e-01 1.000000000000000000e+00
4.075128627152384553e-01 9.149947395208080092e-01 0.000000000000000000e+00
2.060111619737435840e-01 6.444388701825681798e-01 0.000000000000000000e+00
1.120116977380541945e-01 8.603863385865294644e-01 0.000000000000000000e+00
5.145998179906284831e-01 3.778660899612880097e-01 0.000000000000000000e+00
2.218886699038615795e-01 3.587194131761366478e-01 1.000000000000000000e+00
3.852314281268591767e-01 5.796039749361392435e-02 1.000000000000000000e+00
2.180648130767181003e-01 9.705023086068742533e-02 1.000000000000000000e+00
9.057468561350190406e-01 9.875313986256075705e-01 1.000000000000000000e+00
6.507588268604778126e-01 7.014407652481318145e-01 1.000000000000000000e+00
7.125807260325086601e-01 6.498338298444039651e-05 0.000000000000000000e+00
2.146710027957308142e-01 9.065932785381928261e-01 0.000000000000000000e+00
4.273551605838364909e-01 7.849210683419877155e-01 0.000000000000000000e+00
2.370626230897746600e-01 1.156330662830151734e-01 1.000000000000000000e+00
3.651767019287122107e-01 3.290004043898209218e-01 1.000000000000000000e+00
3.780479814188534293e-01 4.190194783423240033e-01 1.000000000000000000e+00
1.285022184117525779e-01 8.535509488332855277e-01 0.000000000000000000e+00
5.032472653419326480e-01 2.387366331422252630e-01 0.000000000000000000e+00
4.015545757495075918e-02 8.691491934089279336e-02 1.000000000000000000e+00
6.812111268568217248e-01 4.620293376556058318e-01 0.000000000000000000e+00
7.842097185526067937e-01 9.689386300211938474e-01 1.000000000000000000e+00
4.861590372352232459e-01 8.745353767204039341e-01 0.000000000000000000e+00
9.721150241634524125e-02 1.041030422783761900e-02 1.000000000000000000e+00
6.152595484075333854e-01 9.905508417501653895e-01 1.000000000000000000e+00
9.245233942496563495e-01 3.281840748342081948e-01 0.000000000000000000e+00
3.425542643479972948e-01 7.416115450845818247e-01 0.000000000000000000e+00
8.262994652312327659e-01 7.332613795085650699e-01 1.000000000000000000e+00
7.144638405657496305e-01 4.787298544525151467e-01 0.000000000000000000e+00
3.669274047940728201e-01 1.013683257430388895e-01 1.000000000000000000e+00
8.665411753409330009e-01 6.429514105792966117e-02 0.000000000000000000e+00
9.422942470612806209e-01 2.444667625900953656e-02 0.000000000000000000e+00
7.868349556718898796e-01 1.491407206931111284e-01 0.000000000000000000e+00
6.598354634869553204e-01 6.885625269550127436e-01 1.000000000000000000e+00
5.163685804523931999e-01 3.538748941271493420e-01 0.000000000000000000e+00
1.417936778678229315e-01 8.427467426579030585e-01 0.000000000000000000e+00
8.911090263773058240e-01 1.868246525947581116e-02 0.000000000000000000e+00
2.860898370211245600e-01 3.110521171882328906e-01 1.000000000000000000e+00
9.726425145990310606e-01 7.824808343633052887e-01 1.000000000000000000e+00
3.835889774830536503e-02 3.770083191628451624e-01 1.000000000000000000e+00
5.458569727724831289e-01 6.942353960019642667e-01 1.000000000000000000e+00
7.202745619412364020e-01 8.278804387376921259e-01 1.000000000000000000e+00
6.138649980979670184e-01 8.063065470662779122e-01 1.000000000000000000e+00
7.181690915452121349e-01 4.569225781126835528e-01 0.000000000000000000e+00
2.382408688741651792e-01 2.840207986827480990e-01 1.000000000000000000e+00
7.230248551035989291e-02 7.379203371990006310e-01 0.000000000000000000e+00
8.182178646079925066e-01 2.603533753446368726e-01 0.000000000000000000e+00
7.432746523122757409e-04 5.701653883107347109e-01 0.000000000000000000e+00
5.692078286023239952e-01 7.796279245299321259e-01 1.000000000000000000e+00
3.757331637326017937e-01 4.636176245814177532e-01 1.000000000000000000e+00
3.252753875010736540e-01 3.020180344992162702e-02 1.000000000000000000e+00
9.228205091301865393e-01 2.839822182257834005e-01 0.000000000000000000e+00
6.813245168930875950e-01 5.581522088370947099e-01 1.000000000000000000e+00
1.698469748123507816e-01 4.698847439463116338e-02 1.000000000000000000e+00
9.487018460621553517e-01 2.455163700010456473e-01 0.000000000000000000e+00
9.606290204371237262e-01 2.475531842148923634e-01 0.000000000000000000e+00
1.919166505016309809e-01 8.515820109690219741e-01 0.000000000000000000e+00
3.665505973880439639e-01 5.531159394369623561e-01 0.000000000000000000e+00
6.098304744035512037e-01 3.437707793835391712e-01 0.000000000000000000e+00
8.919192327941203313e-01 4.854940040033467463e-01 0.000000000000000000e+00
7.654565624802195378e-01 5.866648923425287210e-01 1.000000000000000000e+00
5.592132920272460117e-01 2.103858242960755520e-01 0.000000000000000000e+00
3.117180288170650071e-01 1.455269268791834492e-01 1.000000000000000000e+00
6.422182523420566502e-01 9.208771912377911040e-02 0.000000000000000000e+00
4.339470122450909129e-01 6.700158179833084482e-01 0.000000000000000000e+00
4.455583290367965965e-01 4.470952607039333504e-01 1.000000000000000000e+00
3.959961119044296263e-01 5.505191404483071871e-01 0.000000000000000000e+00
1.188835984590778105e-01 4.115743382855725496e-01 1.000000000000000000e+00
7.681865231806972449e-02 5.628264237190584440e-01 0.000000000000000000e+00
5.943409574889162439e-01 8.100960984322712610e-01 1.000000000000000000e+00
8.264335336844986779e-01 6.184107130330498414e-01 1.000000000000000000e+00
2.716862625511661244e-01 4.266173491687896835e-01 1.000000000000000000e+00
9.242763543325879239e-01 4.629092269644007329e-01 0.000000000000000000e+00
8.286157454594020866e-01 7.189721216410472904e-01 1.000000000000000000e+00
2.715411166660245401e-01 7.669254731874004527e-01 0.000000000000000000e+00
5.547592275798984840e-02 6.287925872786082060e-02 1.000000000000000000e+00
7.390013805793546053e-01 2.440033756237999230e-01 0.000000000000000000e+00
9.345847451847211218e-01 4.847119048510428740e-03 0.000000000000000000e+00
8.254569150657620202e-02 8.498244921356062909e-01 0.000000000000000000e+00
8.152511341546155865e-01 5.669883089637284268e-01 1.000000000000000000e+00
7.177533239557493117e-01 5.608426616606017046e-01 1.000000000000000000e+00
1.094156026826806904e-01 7.831999832854591448e-01 0.000000000000000000e+00
6.046518298325753715e-02 4.472856262541968775e-02 1.000000000000000000e+00
4.416270032168605475e-01 4.887176004783402306e-01 1.000000000000000000e+00
2.510812095490696505e-01 3.233181240952083257e-01 1.000000000000000000e+00
4.384533418735711008e-01 8.956851772734991668e-01 0.000000000000000000e+00
1.928070045963875545e-01 3.814095156587208324e-01 1.000000000000000000e+00
8.665132049161007322e-01 7.229117514213997397e-01 1.000000000000000000e+00
1.945060743859516883e-02 9.805981142036003240e-01 0.000000000000000000e+00
3.010972189645222397e-01 4.726874661462567850e-01 1.000000000000000000e+00
3.013720346086270485e-01 5.256287404478742209e-01 0.000000000000000000e+00
4.259631026511165874e-01 1.341478267208842112e-01 1.000000000000000000e+00
9.455882172339720171e-01 7.081747731172303162e-01 1.000000000000000000e+00
5.270101574675768452e-01 7.486712083670807871e-01 1.000000000000000000e+00
4.708989048323412030e-01 5.075807697924753503e-01 0.000000000000000000e+00
4.744314541065420832e-01 6.727700501428449664e-01 0.000000000000000000e+00
6.900534988204850562e-01 2.757149135739981327e-01 0.000000000000000000e+00
9.902295065898785165e-01 1.317095263144845152e-01 0.000000000000000000e+00
7.288759187156227393e-01 2.310455368295191159e-01 0.000000000000000000e+00
8.011597236931736754e-01 5.563652262852584185e-01 1.000000000000000000e+00
8.124960299855299439e-01 7.704045494713142039e-01 1.000000000000000000e+00
9.899992071516533487e-01 6.061023380563813623e-01 1.000000000000000000e+00
7.855741193140627354e-01 2.354147272789277601e-01 0.000000000000000000e+00
6.229093223957385961e-01 9.329957320086217365e-01 1.000000000000000000e+00
8.958560333055268776e-01 9.090330668159283256e-01 1.000000000000000000e+00
1.870090357866668329e-01 1.448974408546059855e-01 1.000000000000000000e+00
5.215594806547533269e-01 6.865572385250604537e-01 1.000000000000000000e+00
6.353441794349452554e-01 4.355912926133431728e-01 0.000000000000000000e+00
7.730607457700011675e-01 6.670488696506008397e-01 1.000000000000000000e+00
6.229661578490900409e-01 9.444834463386729828e-01 1.000000000000000000e+00
1.311864134183930997e-01 4.016436639847587031e-01 1.000000000000000000e+00
4.345687238732547364e-01 5.191885588715856592e-01 0.000000000000000000e+00
5.063052704340887944e-01 1.892000716597593835e-01 0.000000000000000000e+00
1.785435430183127670e-01 9.669529638969175389e-01 0.000000000000000000e+00
2.627429594220211939e-01 2.949798629412726525e-01 1.000000000000000000e+00
3.117637698264523749e-01 1.009864482629825311e-01 1.000000000000000000e+00
8.040093701165682560e-01 7.828334009165560659e-01 1.000000000000000000e+00
7.310548846110354049e-02 9.649981443771143974e-01 0.000000000000000000e+00
8.192927851297711062e-01 7.579645896934061877e-01 1.000000000000000000e+00
8.994113593240001814e-01 4.231077015416665477e-01 0.000000000000000000e+00
7.164637528675944500e-01 4.514877607892555655e-01 0.000000000000000000e+00
6.254535818524413759e-01 9.084447582152450629e-01 1.000000000000000000e+00
4.966147474309831056e-01 1.565512505641835084e-01 1.000000000000000000e+00
6.136884732785449215e-01 7.325397856371795857e-01 1.000000000000000000e+00
7.686768837534346810e-01 4.145515470789515877e-01 0.000000000000000000e+00
8.622439664216393629e-01 3.921525348788962306e-01 0.000000000000000000e+00
5.741735526869471418e-01 7.255221024153368781e-01 1.000000000000000000e+00
3.534245964755272640e-01 3.307824613322033480e-01 1.000000000000000000e+00
6.959423502725353705e-01 8.376412684101482986e-01 1.000000000000000000e+00
4.461418974976283369e-02 9.335018264167974644e-01 0.000000000000000000e+00
9.315235675760291656e-02 6.692258853307879729e-01 0.000000000000000000e+00
5.260973044094238160e-01 8.321812599453861647e-01 1.000000000000000000e+00
9.748018597120943207e-01 4.422066842898897399e-02 0.000000000000000000e+00
3.256578701302200729e-01 6.863635942923970168e-01 0.000000000000000000e+00
2.429198046092632124e-01 9.144726424543524468e-01 0.000000000000000000e+00
7.595867088171083248e-01 4.026526068029943062e-01 0.000000000000000000e+00
5.493307497873023415e-03 7.060044796479779672e-01 0.000000000000000000e+00
8.852846490322411332e-01 9.467364102492159539e-01 1.000000000000000000e+00
8.615874357623756197e-01 7.210919704473613967e-01 1.000000000000000000e+00
3.196439776569206526e-01 4.585085074175779818e-01 1.000000000000000000e+00
2.484238866696810710e-01 2.970569708439041445e-02 1.000000000000000000e+00
6.259768598046403509e-01 1.279258314804407881e-01 0.000000000000000000e+00
5.648375933982792141e-01 1.318960122190172557e-01 0.000000000000000000e+00
7.139362458462061856e-02 9.962794933686199839e-01 0.000000000000000000e+00
2.107889275802686813e-01 9.938662987123869641e-02 1.000000000000000000e+00
1.986233736624766211e-01 9.959096707912914459e-01 0.000000000000000000e+00
6.674979722622407241e-01 7.185069343292553867e-01 1.000000000000000000e+00
5.034007051318173387e-01 3.015181255979976216e-01 0.000000000000000000e+00
7.739005246070908006e-01 1.143333261880801199e-01 0.000000000000000000e+00
1.338335850373602032e-01 2.967859625847709681e-01 1.000000000000000000e+00
